# GIMP colorrc
# 
# This file holds a list of recently used colors.

(color-history
    (color-rgba 0.772549 0.176471 0.176471 1.000000)
    (color-rgba 1.000000 1.000000 1.000000 0.000000)
    (color-rgba 0.003922 0.396078 0.200000 1.000000)
    (color-rgba 1.000000 1.000000 1.000000 1.000000)
    (color-rgba 0.086275 0.388235 0.117647 1.000000)
    (color-rgba 0.184314 0.203922 0.247059 1.000000)
    (color-rgba 0.662745 0.533333 0.474510 1.000000)
    (color-rgba 0.643137 0.607843 0.556863 1.000000)
    (color-rgba 0.635294 0.537255 0.525490 1.000000)
    (color-rgba 0.584314 0.537255 0.545098 1.000000)
    (color-rgba 0.776471 0.596078 0.541176 1.000000)
    (color-rgba 0.623529 0.615686 0.603922 1.000000)
    (color-rgba 0.000000 0.000000 0.000000 1.000000)
    (color-rgba 0.647059 0.658824 0.662745 1.000000)
    (color-rgba 0.635294 0.654902 0.678431 1.000000)
    (color-rgba 0.250980 0.270588 0.321569 1.000000)
    (color-rgba 0.039216 0.168627 0.243137 1.000000)
    (color-rgba 0.003922 0.090196 0.137255 1.000000)
    (color-rgba 0.070588 0.070588 0.070588 1.000000)
    (color-rgba 0.000000 0.000000 0.000000 0.000000)
    (color-rgba 0.294118 0.309804 0.411765 1.000000)
    (color-rgba 0.588235 0.501961 0.450980 1.000000)
    (color-rgba 0.207843 0.133333 0.117647 1.000000)
    (color-rgba 0.721569 0.635294 0.584314 1.000000)
    (color-rgba 0.705882 0.627451 0.584314 1.000000)
    (color-rgba 0.603922 0.525490 0.498039 1.000000)
    (color-rgba 0.670588 0.592157 0.549020 1.000000)
    (color-rgba 0.858824 0.827451 0.745098 1.000000)
    (color-rgba 0.984314 0.980392 0.992157 1.000000)
    (color-rgba 0.929412 0.933333 0.913725 1.000000)
    (color-rgba 0.105882 0.956863 0.996078 1.000000)
    (color-rgba 0.039216 0.329412 0.513725 1.000000)
    (color-rgba 0.133333 0.800000 0.976471 1.000000)
    (color-rgba 0.886275 0.219608 0.219608 1.000000)
    (color-rgba 0.031373 0.321569 0.498039 1.000000)
    (color-rgba 0.086275 0.243137 0.843137 1.000000)
    (color-rgba 0.084982 0.242733 0.844156 1.000000)
    (color-rgba 0.905882 0.925490 0.901961 1.000000)
    (color-rgba 1.000000 0.899329 0.899329 1.000000)
    (color-rgba 0.965368 0.965368 0.965368 1.000000)
    (color-rgba 0.096691 0.263702 0.900433 1.000000)
    (color-rgba 0.000000 1.000000 0.129870 1.000000)
    (color-rgba 1.000000 0.000000 0.000000 1.000000)
    (color-rgba 0.427451 0.427451 0.427451 1.000000)
    (color-rgba 0.360784 0.357955 0.357955 1.000000)
    (color-rgba 0.026759 0.568627 0.000000 1.000000)
    (color-rgba 0.000000 0.000000 1.000000 1.000000))

# end of colorrc
